602020001866
602020000446
602020000789
602020001324
602020000370
602020000818
602020000975
602020001097
602020001194
602020001219
602020001251
602020001263
602020001349
602020001383
602020013285
602020013308
602020013553
602020013716
602020014017
602020014170
602020014243
602020014445
602020014477
602020014480
602020001393
602020001409
602020001584
602020001586
602020001651
602020001701
602020001724
602020001736
602020001743
602020001754
602020001762
602020001789
602020001816
602020001823
602020001853
602020001884
602020001891
602020001904
602020001914
602020001924
602020001932
602020001945
602020001961
602020002020
602020002032
602020002061
602020002120
602020002225
602020002267
602020002288
602020002316
602020002318
602020002335
602020002395
602020002419
602020002460
602020002477
602020002521
602020002533
602020002559
602020002570
602020002574
602020002638
602020002678
602020002709
602020002794
602020002820
602020002844
602020002863
602020002866
602020002880
602020002933
602020002955
602020002964
602020003001
602020003003
602020003019
602020003036
602020003067
602020003068
602020003077
602020003099
602020003128
602020003129
602020003143
602020003223
602020003338
602020003350
602020003357
602020003412
602020003451
602020003606
602020003609
602020003675
602020003858
602020004205
602020004384
602020004397
602020004408
602020004457
602020004458
602020004459
602020004476
602020004521
602020004523
602020004526
602020004535
602020004540
602020004572
602020004577
602020004609
602020004624
602020004634
602020004648
602020004664
602020004677
602020004705
602020004708
602020004849
602020004882
602020004930
602020004954
602020005070
602020005452
602020005528
602020005575
602020005630
602020005775
602020006793
602020006819
602020007204
602020007209
602020007488
602020007610
602020007634
602020007974
602020008819
602020008915
602020008938
602020008957
602020009507
602020009510
602020009530
602020009563
602020009566
602020009630
602020009636
602020009722
602020010252
602020010255
602020010973
602020011006
602020011007
602020011024
602020011454
602020011586
602020011649
602020012109
602020012158
602020012194
602020012236
602020012488
602020012516
602020012544
602020012727
602020013173
602020013261
602020013264
602020013274
602060000145
602060000515
602060004580
602360000353
602360000397
602360000475
602360000769
602360000920
602360001054
602360001061
602360001157
602360001341
602360001366
602360001499
602360001513
602360001519
602360001522
602360001555
602370000054
602370000091
602370000097
602380000060
602380000172
602380000245
602380000320
602380000341
602380000370
602380000442
602380000460
602380000570
602380000574
602380000576
602380000814
602380000898
602380001182
602380001302
602380001378
602380001388
602380001414
602380001420
602380001527
603030000039
603030000059
603030000081
603030000098
603030000105
603030000129
603030000150
603030000173
603030000191
603030000192
603030000199
603030000216
603030000264
603030000293
603030000314
603030000319
603030000394
603030000475
604090000288
604090000379
604090000428
604090000576
604090001393
604090001485
604090001809
604090001908
604090001961
604090002068
604090002113
604090002118
604090002559
604090003373
604090003647
604120000327
604120000458
604120000673
604120000940
604120000941
604140000093
604140000466
604140000839
6206039871
6206388921
602020001152
602020002566
602020012157
604090000017
602020001045
604090001163
602020001234
602060009053
6206326075